for id ,in {61,69,77,85,93,101,109,125,133,141,149,173,189,197,205,213,221,229,357,365,373,397,405,445,453,461,469,477,485,493,501,509,525,533,541,557,565,581,589,597,605,621,637,645,653,661,669,677,685,693,701,709,718,725,733,741,749,757,765,773}
do
echo $id
scp -r 'MC1#'$id malegro@wynlog1.compbio.ucsf.edu:/grinberg/scratch/AVID/1181-002/MC1
done



MC1#61 
MC1#69 
MC1#77 
MC1#85 
MC1#93 
MC1#101 MC1#109 MC1#125 MC1#133 MC1#141 MC1#149 MC1#173 MC1#189 MC1#197 MC1#205 MC1#213 
MC1#221 MC1#229 MC1#357 MC1#365 MC1#373 MC1#397 MC1#405 MC1#445 MC1#453 MC1#461 MC1#469 
MC1#477 MC1#485 MC1#493 MC1#501 MC1#509 MC1#525 MC1#533 MC1#541 MC1#557 MC1#565 MC1#581 
MC1#589 MC1#597 MC1#605 MC1#621 MC1#637 MC1#645 MC1#653 MC1#661 MC1#669 MC1#677 MC1#685 
MC1#693 MC1#701 MC1#709 MC1#718 MC1#725 MC1#733 MC1#741 MC1#749 MC1#757 MC1#765 MC1#773


for id in {77,85,93,101,109,125,133,141,149,173,189,197,205,213,221,229,357,365,373,397,405,445,453,461,469,477,485,493,501,509,525,533,541,557,565,581,589,597,605,621,637,645,653,661,669,677,685,693,701,709,718,725,733,741,749,757,765,773}
do
echo $id
mkdir 'MC1#'$id
scp -r malegro@wynlog1.compbio.ucsf.edu:/grinberg/scratch/AVID/1181-002/MC1/'MC1#'$id/output 'MC1#'$id
done

for id in {69,77,85,93,101,109,125,133,141,149,173,189,197,205,213,221,229,357,365,373,397,405,445,453,461,469,477,485,493,501,509,525,533,541,557,565,581,589,597,605,621,637,645,653,661,669,677,685,693,701,709,718,725,733,741,749,757,765,773}
do
echo $id
mkdir 's'$id
scp -r malegro@wynlog1.compbio.ucsf.edu:/grinberg/scratch/AVID/1181-002/MC1/'MC1#'$id/output/RES*/*res10* 's'$id
done


curr='/home/maryana/R_DRIVE/Experiments/AVID/Cases/1811-001/Master Package 1181-001/Images/1181-001-Stitched/AT8'
for id in {586,594,602,610,614,634,642,650,658}
do
echo $id
cd 'AT8#'$id/output/RES*
mv  ,*.tif  'AT8_'$id'_res10.tif'
cd "${curr}"
done

curr='/home/maryana/R_DRIVE/Experiments/AVID/Cases/1811-001/Master Package 1181-001/Images/1181-001-Stitched/AT8'
for id in {282,302,322,342,362,382,402,422,442,462,482,502,522,542,562,582,602,622,642,286,306,326,346,366,386,406,426,448,466,486,506,526,546,566,586,606,626,650,290,310,330,350,370,390,410,430,450,470,490,510,530,550,570,590,610,630,654,294,314,334,354,374,394,414,434,454,474,494,514,534,554,574,594,614,634,658,298,318,338,358,378,398,418,438,458,478,498,518,538,558,578,598,618,638}
do
echo $id
cd 'AT8#'$id/output/RES*
mv ' ,'$id'.tif'  'AT8_'$id'_res10.tif'
cd "${curr}"
done

for id in {302,306,322,330,338,346,362,370,394,410,418,450,474,482,490,506,514,546,554,562,622}
do
echo $id
mkdir 'AT8#'$id'/output'
mkdir 'AT8#'$id/output/RES\(10x10\)
mv 'AT8#'$id/*.tif 'AT8#'$id/output/RES\(10x10\)
done


curr='/home/maryana/R_DRIVE/Experiments/AVID/Cases/1811-001/Master Package 1181-001/Images/1181-001-Stitched/AT8'
for id in {302}
do
echo $id
cd 'AT8#'$id/output/RES*
mv  ,*.tif  'AT8_'$id'_res10.tif'
cd "${curr}"
done


for id in {282,302,322,342,362,382,402,422,442,462,482,502,522,542,562,582,602,622,642,286,306,326,346,366,386,406,426,448,466,486,506,526,546,566,586,606,626,650,290,310,330,350,370,390,410,430,450,470,490,510,530,550,570,590,610,630,654,294,314,334,354,374,394,414,434,454,474,494,514,534,554,574,594,614,634,658,298,318,338,358,378,398,418,438,458,478,498,518,538,558,578,598,618,638}
do
echo $id
cp 'AT8#'$id/output/RES*/'AT8_'$id'_res10.tif' /home/maryana/storage2/Posdoc/AVID/AV13/AT8/res10/img
done


for id in {117,157,165,181}
do
echo $id
mkdir 'MC1#'$id
scp -r malegro@wynlog1.compbio.ucsf.edu:/grinberg/scratch/AVID/1181-002-MC1-ashvin/'MC1#'$id/output 'MC1#'$id
done

for id in {117,157,165,181}
do
echo $id
mkdir 's'$id
scp -r malegro@wynlog1.compbio.ucsf.edu:/grinberg/scratch/AVID/1181-002-MC1-ashvin/'MC1#'$id/output/RES*/*res10* 's'$id
done


for id in {77,85,93,101,109,125,133,141,149,173,189,197,205,213,221,229,357,365,373,397,405,445,453,461,469,477,485,493,501,509,525,533,541,557,565,581,589,597,605,621,637,645,653,661,669,677,685,693,701,709,718,725,733,741,749,757,765,773}
do
echo $id
mkdir 'MC1#'$id
mv ~/R_DRIVE/Experiments/AVID/Cases/1181-002/Master\ Package\ 1181-002/Images/Scanned\ Immuno\ Files/MC1/'MC1#'$id/output /home/maryana/R_DRIVE/Experiments/AVID/Cases/1181-002/Master\ Package\ 1181-002/Images/Stitched/MC1/'MC1#'$id
done

for id in {117,157,165,181}
do
echo $id
mkdir 'MC1#'$id
mv ~/R_DRIVE/Experiments/AVID/Cases/1181-002/Master\ Package\ 1181-002/Images/Scanned\ Immuno\ Files/MC1/'MC1#'$id/output /home/maryana/R_DRIVE/Experiments/AVID/Cases/1181-002/Master\ Package\ 1181-002/Images/Stitched/MC1/'MC1#'$id
done

for id in {282,302,322,342,362,382,402,422,442,462,482,502,522,542,562,582,602,622,642,286,306,326,346,366,386,406,426,448,466,486,506,526,546,566,586,606,626,650,290,310,330,350,370,390,410,430,450,470,490,510,530,550,570,590,610,630,654,294,314,334,354,374,394,414,434,454,474,494,514,534,554,574,594,614,634,658,298,318,338,358,378,398,418,438,458,478,498,518,538,558,578,598,618,638}
do
mkdir 's'$id
/grinberg/scratch/scripts/create_dir_structure.sh 's'$id 'AT8_'$id
done

for id in {282,302,322,342,362,382,402,422,442,462,482,502,522,542,562,582,602,622,642,286,306,326,346,366,386,406,426,448,466,486,506,526,546,566,586,606,626,650,290,310,330,350,370,390,410,430,450,470,490,510,530,550,570,590,610,630,654,294,314,334,354,374,394,414,434,454,474,494,514,534,554,574,594,614,634,658,298,318,338,358,378,398,418,438,458,478,498,518,538,558,578,598,618,638}
do
/grinberg/scratch/scripts/create_dir_structure.sh 's'$id 'AT8_'$id
done


for id in {282,302,322,342,362,382,402,422,442,462,482,502,522,542,562,582,602,622,642,286,306,326,346,366,386,406,426,448,466,486,506,526,546,566,586,606,626,650,290,310,330,350,370,390,410,430,450,470,490,510,530,550,570,590,610,630,654,294,314,334,354,374,394,414,434,454,474,494,514,534,554,574,594,614,634,658,298,318,338,358,378,398,418,438,458,478,498,518,538,558,578,598,618,638}
do
echo $id
scp -r 'AT8#'$id/output/RES*/*.tif malegro@wynlog1.compbio.ucsf.edu:/wynton/scratch/grinberglab/AVID/AV1_AT8/'s'$id/'AT8_'$id/output/RES"\("0x0"\)"
done


for id in {282,302,322,342,362,382,402,422,442,462,482,502,522,542,562,582,602,622,642,286,306,326,346,366,386,406,426,448,466,486,506,526,546,566,586,606,626,650,290,310,330,350,370,390,410,430,450,470,490,510,530,550,570,590,610,630,654,294,314,334,354,374,394,414,434,454,474,494,514,534,554,574,594,614,634,658,298,318,338,358,378,398,418,438,458,478,498,518,538,558,578,598,618,638}
do
echo $id
scp /home/maryana/storage2/Posdoc/AVID/AV13/AT8/res10/final_mask/'AT8_'$id'_res10_mask.tif' malegro@wynlog1.compbio.ucsf.edu:/wynton/scratch/grinberglab/AVID/AV1_AT8/'s'$id/'AT8_'$id/mask/final_mask
done



/wynton/scratch/grinberglab/AVID/AV1_AT8/s282/AT8_282/mask/final_mask





282 ,298 ,314 ,330 ,346 ,362 ,378 ,394 ,410 ,426 ,442 ,458 ,474 ,490 ,506 ,522 ,538 ,554 ,570 ,586 ,602 ,618 ,634 ,654 ,286 ,302 ,318 ,334 ,350 ,366 ,382 ,398 ,414 ,430 ,448 ,462 ,478 ,494 ,510 ,526 ,542 ,558 ,574 ,590 ,606 ,622 ,638 ,658 ,290 ,306 ,322 ,338 ,354 ,370 ,386 ,402 ,418 ,434 ,450 ,466 ,482 ,498 ,514 ,530 ,546 ,562 ,578 ,594 ,610 ,626 ,642 ,294 ,310 ,326 ,342 ,358 ,374 ,390 ,406 ,422 ,438 ,454 ,470 ,486 ,502 ,518 ,534 ,550 ,566 ,582 ,598 ,614 ,630 ,650


282 286 290 294 298 302 306 310 314 318 322 326 330 334 338 342 346 350 354 358 362 366 370 374 378 382 386 390 394 398 402 406 410 414 418 422 426 430 434 438 442 448 450 454 458 462 466 470 474 478 482 486 490 494 498 502 506 510 514 518 522 526 530 534 538 542 546 550 554 558 562 566 570 574 578 582 586 590 594 598 602 606 610 614 618 622 626 630 634 638 642 650 654 658



rsync -avz --progress MC1#443 malegro@wynlog1.compbio.ucsf.edu:/wynton/scratch/grinberglab/AVID/1811-001/MC1

id=282
rsync -avz --progress 'AT8#'$id/output/RES*/*.tif malegro@wynlog1.compbio.ucsf.edu:/wynton/scratch/grinberglab/AVID/AV1_AT8/'s'$id/'AT8_'$id/output/RES"\("0x0"\)"

for id in {277,325}
do
rsync -avz --progress 'MC1#'$id malegro@wynlog1.compbio.ucsf.edu:/wynton/scratch/grinberglab/AVID/1181-002/MC1
done



